0, -69.0, -1.0, 81.0, 62.0
1, -20.0, 11.0, 58.0, 71.0
2, -62.0, -9.0, 65.0, 67.0
3, 49.0, 15.0, 63.0, 76.0
4, 86.0, 21.0, 57.0, 60.0
5, 21.0, 2.0, 75.0, 85.0
6, -135.0, 9.0, 62.0, 75.0
7, 26.0, 12.0, 58.0, 77.0
8, -62.0, -12.0, 71.0, 59.0
9, -44.0, 13.0, 67.0, 79.0
10, 106.0, -6.0, 88.0, 66.0
11, -106.0, 13.0, 51.0, 39.0
12, -2.0, 0.0, 60.0, 72.0
13, -25.0, -13.0, 74.0, 61.0
14, 86.0, -17.0, 70.0, 66.0
15, 238.0, 8.0, 45.0, 79.0
16, 188.0, 9.0, 49.0, 57.0
17, 38.0, 12.0, 63.0, 64.0
18, -43.0, 0.0, 70.0, 66.0
19, -13.0, 20.0, 64.0, 68.0
20, 1.0, -2.0, 60.0, 48.0
21, 14.0, 8.0, 77.0, 70.0
22, -165.0, 10.0, 51.0, 63.0
23, -51.0, -15.0, 85.0, 73.0
24, 128.0, -1.0, 63.0, 80.0
25, 200.0, -10.0, 62.0, 79.0
26, -109.0, -12.0, 61.0, 61.0
27, -34.0, 25.0, 72.0, 87.0
28, 56.0, 26.0, 54.0, 74.0
29, -99.0, 0.0, 65.0, 75.0
30, -119.0, -7.0, 68.0, 64.0
31, -155.0, 0.0, 61.0, 60.0
32, -70.0, -1.0, 47.0, 73.0
33, 90.0, 18.0, 69.0, 66.0
34, -68.0, 12.0, 82.0, 61.0
35, -151.0, -1.0, 57.0, 78.0
36, 32.0, 5.0, 68.0, 74.0
37, -88.0, 11.0, 87.0, 79.0
38, -3.0, 0.0, 61.0, 67.0
39, -20.0, -9.0, 72.0, 62.0
40, 12.0, 5.0, 72.0, 70.0
41, 141.0, -4.0, 59.0, 66.0
42, 14.0, 11.0, 56.0, 85.0
43, 159.0, 14.0, 81.0, 59.0
44, -64.0, 5.0, 87.0, 82.0
45, -119.0, 10.0, 75.0, 47.0
46, -23.0, -9.0, 55.0, 79.0
47, -160.0, 11.0, 90.0, 75.0
48, 19.0, -9.0, 61.0, 66.0
49, -277.0, 5.0, 69.0, 89.0
50, -26.0, -8.0, 77.0, 69.0
51, -215.0, 7.0, 59.0, 55.0
52, 18.0, 11.0, 74.0, 70.0
53, 103.0, 13.0, 73.0, 77.0
54, -112.0, 1.0, 69.0, 54.0
55, 82.0, -4.0, 62.0, 67.0
56, -31.0, -2.0, 56.0, 81.0
57, 152.0, 1.0, 52.0, 44.0
58, -139.0, 6.0, 57.0, 57.0
59, 34.0, 16.0, 58.0, 79.0
60, -55.0, 8.0, 69.0, 52.0
61, -13.0, 7.0, 75.0, 87.0
62, -136.0, 18.0, 62.0, 93.0
63, -35.0, 5.0, 62.0, 68.0
64, -149.0, -12.0, 55.0, 56.0
65, -49.0, -19.0, 51.0, 45.0
66, -114.0, 0.0, 60.0, 60.0
67, -179.0, 22.0, 71.0, 52.0
68, -280.0, 10.0, 76.0, 59.0
69, -13.0, 16.0, 61.0, 76.0
70, 50.0, 10.0, 68.0, 83.0
71, -49.0, 24.0, 53.0, 51.0
72, 90.0, 6.0, 57.0, 88.0
73, 39.0, 7.0, 70.0, 71.0
74, 51.0, -3.0, 79.0, 67.0
75, 153.0, 17.0, 65.0, 84.0
76, -157.0, -10.0, 74.0, 75.0
77, -10.0, 20.0, 58.0, 65.0
78, -25.0, 3.0, 61.0, 64.0
79, -15.0, -14.0, 65.0, 65.0
80, 247.0, -17.0, 75.0, 76.0
81, -113.0, -4.0, 65.0, 67.0
82, 98.0, 11.0, 60.0, 73.0
83, -76.0, -10.0, 66.0, 84.0
84, 134.0, 14.0, 76.0, 65.0
85, 2.0, 9.0, 69.0, 64.0
86, -208.0, 15.0, 41.0, 80.0
87, -61.0, -5.0, 77.0, 56.0
88, -153.0, 3.0, 67.0, 79.0
89, -94.0, -9.0, 74.0, 62.0
90, -226.0, -6.0, 56.0, 71.0
91, 138.0, 6.0, 68.0, 66.0
92, -141.0, 13.0, 64.0, 62.0
93, -195.0, 15.0, 84.0, 96.0
94, -248.0, -4.0, 59.0, 67.0
95, 216.0, 13.0, 60.0, 69.0
96, -73.0, 8.0, 66.0, 62.0
97, -55.0, -10.0, 59.0, 63.0
98, 58.0, -9.0, 77.0, 50.0
99, 57.0, 13.0, 51.0, 49.0
100, 37.0, 4.0, 84.0, 68.0
101, 183.0, -4.0, 59.0, 64.0
102, -34.0, 7.0, 75.0, 72.0
103, 67.0, 8.0, 54.0, 48.0
104, -39.0, -2.0, 61.0, 76.0
105, -235.0, 4.0, 66.0, 64.0
106, 128.0, 27.0, 86.0, 60.0
107, -57.0, 5.0, 59.0, 74.0
108, -257.0, 8.0, 60.0, 60.0
109, -56.0, -14.0, 60.0, 66.0
110, -96.0, 17.0, 93.0, 65.0
111, 48.0, -5.0, 45.0, 63.0
112, -10.0, -7.0, 84.0, 49.0
113, -78.0, -9.0, 57.0, 65.0
114, 74.0, 11.0, 67.0, 70.0
115, 33.0, 20.0, 91.0, 47.0
116, 31.0, 13.0, 62.0, 72.0
117, 3.0, -1.0, 65.0, 63.0
118, 1.0, -17.0, 72.0, 68.0
119, 29.0, 20.0, 72.0, 63.0
120, 102.0, 14.0, 42.0, 74.0
121, -219.0, 11.0, 64.0, 74.0
122, -75.0, 0.0, 66.0, 68.0
123, -114.0, -9.0, 73.0, 85.0
124, -236.0, 24.0, 71.0, 86.0
125, -53.0, 7.0, 60.0, 81.0
126, -10.0, 22.0, 56.0, 76.0
127, -158.0, -11.0, 55.0, 59.0
128, -173.0, 3.0, 70.0, 82.0
129, 51.0, 11.0, 80.0, 73.0
130, 198.0, -3.0, 68.0, 66.0
131, -91.0, 6.0, 74.0, 88.0
132, -173.0, 15.0, 54.0, 56.0
133, -71.0, 13.0, 75.0, 69.0
134, -35.0, 9.0, 52.0, 83.0
135, -60.0, -2.0, 78.0, 90.0
136, -100.0, 16.0, 78.0, 70.0
137, 97.0, 8.0, 73.0, 60.0
138, 11.0, 6.0, 70.0, 61.0
139, -62.0, 13.0, 59.0, 80.0
140, 33.0, 0.0, 72.0, 63.0
141, 62.0, 17.0, 56.0, 81.0
142, -9.0, -6.0, 70.0, 78.0
143, -47.0, 17.0, 93.0, 73.0
144, -94.0, 21.0, 66.0, 63.0
145, 244.0, -14.0, 75.0, 59.0
146, 94.0, -2.0, 58.0, 85.0
147, 58.0, -10.0, 63.0, 89.0
148, 155.0, 15.0, 79.0, 64.0
149, -198.0, 13.0, 70.0, 42.0
150, -54.0, 0.0, 57.0, 62.0
151, 165.0, 5.0, 70.0, 81.0
152, 237.0, 0.0, 62.0, 66.0
153, -28.0, -2.0, 59.0, 94.0
154, -153.0, 22.0, 58.0, 74.0
155, -114.0, -11.0, 71.0, 65.0
156, -36.0, -1.0, 73.0, 76.0
157, 93.0, 1.0, 71.0, 79.0
158, -51.0, -5.0, 65.0, 69.0
159, -57.0, 16.0, 64.0, 82.0
160, -145.0, -6.0, 63.0, 80.0
161, -76.0, 13.0, 92.0, 83.0
162, -83.0, 1.0, 60.0, 63.0
163, -101.0, 0.0, 76.0, 72.0
164, 44.0, -2.0, 68.0, 63.0
165, 27.0, 4.0, 69.0, 49.0
166, -35.0, 9.0, 88.0, 62.0
167, -219.0, 20.0, 62.0, 56.0
168, -92.0, 2.0, 83.0, 94.0
169, -141.0, -9.0, 84.0, 59.0
170, -64.0, 16.0, 82.0, 52.0
171, 105.0, 4.0, 79.0, 57.0
172, -13.0, -26.0, 66.0, 64.0
173, 97.0, 1.0, 82.0, 60.0
174, 53.0, 4.0, 53.0, 67.0
175, 432.0, 5.0, 54.0, 70.0
176, -119.0, 20.0, 104.0, 62.0
177, 109.0, -1.0, 67.0, 78.0
178, 18.0, -2.0, 75.0, 79.0
179, 179.0, 0.0, 84.0, 71.0
180, 16.0, 3.0, 78.0, 53.0
181, -44.0, 0.0, 78.0, 68.0
182, -108.0, 20.0, 64.0, 59.0
183, 118.0, 4.0, 65.0, 76.0
184, 39.0, -13.0, 58.0, 66.0
185, -114.0, 1.0, 58.0, 85.0
186, -140.0, 18.0, 54.0, 60.0
187, -192.0, 17.0, 72.0, 69.0
188, 101.0, 0.0, 59.0, 60.0
189, -21.0, -3.0, 66.0, 64.0
190, 37.0, 10.0, 62.0, 70.0
191, -62.0, 14.0, 53.0, 71.0
192, -14.0, 6.0, 75.0, 58.0
193, 90.0, 1.0, 62.0, 77.0
194, 38.0, 6.0, 81.0, 92.0
195, 175.0, -18.0, 79.0, 68.0
196, -287.0, 14.0, 68.0, 67.0
197, -46.0, -5.0, 90.0, 85.0
198, -298.0, -6.0, 69.0, 86.0
199, -130.0, 4.0, 69.0, 61.0
200, 24.0, 0.0, 56.0, 71.0
201, -8.0, 3.0, 67.0, 70.0
202, -33.0, -3.0, 70.0, 72.0
203, 31.0, -3.0, 63.0, 68.0
204, 19.0, 0.0, 78.0, 66.0
205, 129.0, 9.0, 60.0, 65.0
206, -176.0, -1.0, 76.0, 62.0
207, 39.0, 21.0, 50.0, 76.0
208, -57.0, -1.0, 68.0, 69.0
209, -42.0, 12.0, 78.0, 71.0
210, -189.0, -3.0, 47.0, 71.0
211, -108.0, -19.0, 66.0, 62.0
212, -172.0, 7.0, 78.0, 77.0
213, -3.0, 10.0, 75.0, 84.0
214, 122.0, 15.0, 78.0, 47.0
215, -59.0, 5.0, 68.0, 72.0
216, 16.0, -6.0, 86.0, 87.0
217, -129.0, -5.0, 60.0, 68.0
218, -55.0, -8.0, 93.0, 76.0
219, 33.0, 20.0, 61.0, 81.0
220, -273.0, 4.0, 65.0, 67.0
221, -139.0, 2.0, 90.0, 75.0
222, -97.0, -1.0, 71.0, 72.0
223, 10.0, -8.0, 49.0, 70.0
224, 82.0, 2.0, 71.0, 84.0
225, 11.0, 31.0, 82.0, 48.0
226, 101.0, 0.0, 77.0, 71.0
227, -35.0, 0.0, 53.0, 39.0
228, -35.0, 22.0, 50.0, 79.0
229, 82.0, 0.0, 55.0, 76.0
230, -71.0, -2.0, 91.0, 68.0
231, 2.0, 11.0, 55.0, 94.0
232, -188.0, -23.0, 75.0, 81.0
233, 196.0, -5.0, 76.0, 60.0
234, -22.0, 6.0, 56.0, 72.0
235, 197.0, 15.0, 48.0, 74.0
236, -62.0, -21.0, 69.0, 76.0
237, -69.0, 8.0, 60.0, 81.0
238, -33.0, 0.0, 72.0, 72.0
239, -177.0, 14.0, 56.0, 72.0
240, -53.0, 0.0, 77.0, 69.0
241, 1.0, 0.0, 88.0, 66.0
242, 20.0, 0.0, 73.0, 78.0
243, 50.0, 12.0, 57.0, 65.0
244, -40.0, 4.0, 71.0, 71.0
245, -156.0, -2.0, 66.0, 71.0
246, -113.0, -7.0, 71.0, 78.0
247, 51.0, -12.0, 59.0, 67.0
248, -97.0, 11.0, 65.0, 83.0
249, 87.0, -1.0, 57.0, 52.0
250, -17.0, 1.0, 62.0, 83.0
251, 51.0, 19.0, 81.0, 72.0
252, 0.0, 0.0, 70.0, 74.0
253, 30.0, 22.0, 72.0, 86.0
254, -112.0, 15.0, 52.0, 67.0
255, -7.0, 17.0, 61.0, 80.0
0, -121.0, 0.0, 60.0, 82.0
1, 3.0, 13.0, 73.0, 96.0
2, -11.0, -4.0, 68.0, 45.0
3, 122.0, 10.0, 70.0, 86.0
4, 9.0, 13.0, 60.0, 64.0
5, -40.0, -6.0, 70.0, 72.0
6, 222.0, 25.0, 64.0, 92.0
7, 41.0, -6.0, 82.0, 59.0
8, -6.0, 10.0, 64.0, 72.0
9, -47.0, -8.0, 52.0, 71.0
10, 235.0, 13.0, 50.0, 70.0
11, 102.0, -2.0, 64.0, 80.0
12, -136.0, 18.0, 56.0, 72.0
13, 14.0, 5.0, 60.0, 92.0
14, -102.0, 2.0, 48.0, 70.0
15, -40.0, -1.0, 67.0, 64.0
16, 137.0, 11.0, 77.0, 67.0
17, 156.0, 5.0, 64.0, 64.0
18, -19.0, 6.0, 48.0, 53.0
19, 29.0, -10.0, 60.0, 74.0
20, 166.0, 21.0, 84.0, 80.0
21, -54.0, 12.0, 88.0, 70.0
22, 48.0, -12.0, 66.0, 41.0
23, 55.0, 15.0, 60.0, 80.0
24, -80.0, 5.0, 69.0, 67.0
25, 101.0, 14.0, 72.0, 76.0
26, 103.0, -1.0, 69.0, 88.0
27, 226.0, -15.0, 85.0, 71.0
28, -12.0, 6.0, 57.0, 76.0
29, 12.0, -7.0, 67.0, 76.0
30, -17.0, 6.0, 69.0, 60.0
31, -62.0, -6.0, 77.0, 66.0
32, 11.0, -4.0, 67.0, 83.0
33, -41.0, 39.0, 51.0, 39.0
34, 174.0, -5.0, 65.0, 67.0
35, 191.0, 14.0, 63.0, 68.0
36, -113.0, 4.0, 79.0, 70.0
37, 6.0, 11.0, 79.0, 83.0
38, -11.0, 1.0, 63.0, 71.0
39, 60.0, 0.0, 80.0, 57.0
40, -138.0, 28.0, 83.0, 81.0
41, -141.0, 13.0, 71.0, 63.0
42, 129.0, 0.0, 84.0, 71.0
43, -91.0, -7.0, 80.0, 83.0
44, 120.0, 0.0, 76.0, 47.0
45, 124.0, 12.0, 46.0, 59.0
46, -32.0, 0.0, 83.0, 75.0
47, 26.0, 35.0, 89.0, 92.0
48, 174.0, -2.0, 59.0, 62.0
49, 18.0, 8.0, 77.0, 77.0
50, 72.0, 0.0, 75.0, 84.0
51, 206.0, 19.0, 82.0, 56.0
52, -16.0, 3.0, 66.0, 65.0
53, 209.0, -7.0, 72.0, 71.0
54, 30.0, -10.0, 81.0, 84.0
55, 6.0, -9.0, 75.0, 58.0
56, 111.0, 8.0, 64.0, 78.0
57, -19.0, 1.0, 58.0, 84.0
58, -113.0, -9.0, 62.0, 82.0
59, 89.0, 8.0, 54.0, 92.0
60, 148.0, -16.0, 55.0, 48.0
61, 42.0, -9.0, 87.0, 54.0
62, -12.0, 12.0, 75.0, 55.0
63, 214.0, 21.0, 68.0, 61.0
64, 165.0, 6.0, 50.0, 74.0
65, 47.0, 20.0, 64.0, 61.0
66, 69.0, -3.0, 64.0, 66.0
67, 111.0, -4.0, 85.0, 51.0
68, 35.0, 4.0, 51.0, 59.0
69, 34.0, 17.0, 81.0, 44.0
70, -165.0, 0.0, 59.0, 52.0
71, 105.0, 0.0, 61.0, 72.0
72, 77.0, 2.0, 74.0, 52.0
73, 22.0, -10.0, 71.0, 75.0
74, 213.0, 26.0, 66.0, 58.0
75, 210.0, -7.0, 76.0, 72.0
76, 109.0, 0.0, 64.0, 73.0
77, 126.0, -18.0, 55.0, 75.0
78, 69.0, -6.0, 57.0, 55.0
79, 83.0, -21.0, 66.0, 67.0
80, -49.0, 6.0, 79.0, 61.0
81, 73.0, -12.0, 70.0, 60.0
82, 41.0, -15.0, 66.0, 69.0
83, 91.0, 20.0, 85.0, 64.0
84, -70.0, 13.0, 59.0, 79.0
85, -217.0, -24.0, 73.0, 87.0
86, -161.0, 2.0, 74.0, 82.0
87, -21.0, 11.0, 82.0, 78.0
88, -117.0, -4.0, 69.0, 69.0
89, -191.0, 5.0, 70.0, 45.0
90, -215.0, 8.0, 62.0, 74.0
91, -19.0, -2.0, 64.0, 71.0
92, 84.0, 10.0, 57.0, 78.0
93, 196.0, 5.0, 63.0, 59.0
94, 115.0, 6.0, 72.0, 59.0
95, -81.0, 8.0, 70.0, 104.0
96, 69.0, -9.0, 74.0, 66.0
97, 193.0, 7.0, 52.0, 70.0
98, 29.0, -7.0, 48.0, 47.0
99, -49.0, -6.0, 68.0, 65.0
100, 6.0, 16.0, 66.0, 65.0
101, -92.0, 0.0, 69.0, 74.0
102, 122.0, -19.0, 79.0, 52.0
103, 88.0, 17.0, 57.0, 65.0
104, -19.0, -7.0, 71.0, 69.0
105, 57.0, 28.0, 88.0, 70.0
106, -228.0, -9.0, 68.0, 60.0
107, -103.0, -1.0, 81.0, 76.0
108, -225.0, 14.0, 69.0, 76.0
109, -120.0, -11.0, 74.0, 41.0
110, 0.0, -9.0, 89.0, 55.0
111, 11.0, 11.0, 60.0, 87.0
112, -11.0, 0.0, 69.0, 78.0
113, 16.0, -6.0, 93.0, 74.0
114, -16.0, 26.0, 70.0, 70.0
115, 167.0, 15.0, 55.0, 62.0
116, 27.0, 0.0, 67.0, 61.0
117, 46.0, 12.0, 68.0, 63.0
118, 158.0, 1.0, 69.0, 70.0
119, -21.0, 25.0, 54.0, 81.0
120, -127.0, -8.0, 70.0, 63.0
121, 5.0, 21.0, 72.0, 86.0
122, -120.0, -8.0, 42.0, 55.0
123, -36.0, 1.0, 57.0, 80.0
124, -105.0, -10.0, 61.0, 75.0
125, 34.0, 16.0, 84.0, 70.0
126, -71.0, 6.0, 80.0, 60.0
127, -154.0, -10.0, 77.0, 51.0
128, 18.0, 0.0, 53.0, 66.0
129, 84.0, 9.0, 65.0, 78.0
130, 70.0, 4.0, 92.0, 69.0
131, 189.0, 20.0, 62.0, 80.0
132, -5.0, 5.0, 88.0, 64.0
133, 117.0, -19.0, 50.0, 84.0
134, 54.0, -1.0, 57.0, 75.0
135, 64.0, -7.0, 66.0, 52.0
136, 8.0, -11.0, 59.0, 60.0
137, 89.0, -6.0, 47.0, 55.0
138, 161.0, 15.0, 67.0, 79.0
139, 115.0, -10.0, 73.0, 74.0
140, 95.0, -9.0, 52.0, 74.0
141, -43.0, -4.0, 69.0, 80.0
142, -100.0, -9.0, 48.0, 85.0
143, 271.0, -8.0, 43.0, 69.0
144, -37.0, 5.0, 52.0, 70.0
145, 72.0, 4.0, 63.0, 52.0
146, 180.0, -10.0, 58.0, 99.0
147, -205.0, 18.0, 76.0, 85.0
148, -90.0, 0.0, 68.0, 39.0
149, 133.0, -9.0, 74.0, 89.0
150, -75.0, -23.0, 46.0, 77.0
151, 30.0, 16.0, 73.0, 76.0
152, -83.0, -1.0, 53.0, 89.0
153, 127.0, 12.0, 77.0, 48.0
154, 75.0, 17.0, 66.0, 68.0
155, -126.0, -1.0, 79.0, 61.0
156, -131.0, 9.0, 82.0, 66.0
157, 7.0, 15.0, 66.0, 71.0
158, 99.0, -2.0, 63.0, 72.0
159, -16.0, 27.0, 60.0, 76.0
160, 121.0, 2.0, 85.0, 80.0
161, 91.0, -1.0, 79.0, 85.0
162, -16.0, -2.0, 74.0, 88.0
163, -82.0, 27.0, 72.0, 61.0
164, -197.0, 8.0, 75.0, 76.0
165, -39.0, -10.0, 70.0, 91.0
166, -1.0, 14.0, 68.0, 68.0
167, -117.0, 8.0, 58.0, 65.0
168, -5.0, 8.0, 67.0, 62.0
169, 106.0, -2.0, 54.0, 64.0
170, 15.0, -5.0, 64.0, 94.0
171, 87.0, 22.0, 70.0, 78.0
172, 2.0, 13.0, 84.0, 61.0
173, -92.0, -19.0, 77.0, 48.0
174, -20.0, 14.0, 82.0, 59.0
175, 8.0, -17.0, 57.0, 81.0
176, -30.0, 6.0, 54.0, 79.0
177, 168.0, -1.0, 66.0, 74.0
178, -132.0, 0.0, 70.0, 73.0
179, -110.0, -8.0, 68.0, 66.0
180, -93.0, 18.0, 49.0, 71.0
181, 139.0, 17.0, 55.0, 70.0
182, -16.0, 7.0, 58.0, 75.0
183, 71.0, 3.0, 62.0, 78.0
184, 48.0, 0.0, 50.0, 73.0
185, -7.0, 5.0, 86.0, 59.0
186, 13.0, -10.0, 94.0, 82.0
187, 113.0, 6.0, 73.0, 89.0
188, -118.0, 13.0, 60.0, 75.0
189, 90.0, 0.0, 82.0, 76.0
190, -123.0, -5.0, 57.0, 72.0
191, 136.0, 20.0, 75.0, 93.0
192, 95.0, 4.0, 59.0, 56.0
193, 47.0, 0.0, 54.0, 74.0
194, -96.0, 10.0, 82.0, 65.0
195, -27.0, 10.0, 58.0, 93.0
196, 68.0, 14.0, 75.0, 78.0
197, -26.0, 2.0, 66.0, 69.0
198, 65.0, 5.0, 84.0, 55.0
199, 63.0, -1.0, 64.0, 55.0
200, 37.0, -18.0, 63.0, 54.0
201, 43.0, 2.0, 51.0, 61.0
202, 116.0, 2.0, 66.0, 56.0
203, 4.0, 17.0, 70.0, 99.0
204, 16.0, -12.0, 86.0, 72.0
205, -132.0, -14.0, 69.0, 76.0
206, 97.0, -4.0, 64.0, 74.0
207, -15.0, 5.0, 61.0, 65.0
208, -158.0, 3.0, 73.0, 75.0
209, 125.0, 0.0, 51.0, 55.0
210, -131.0, 1.0, 82.0, 78.0
211, 53.0, 15.0, 61.0, 71.0
212, 306.0, -17.0, 46.0, 71.0
213, -10.0, 3.0, 65.0, 68.0
214, 146.0, 7.0, 67.0, 76.0
215, 114.0, 4.0, 57.0, 61.0
216, 10.0, 17.0, 55.0, 57.0
217, 110.0, 18.0, 98.0, 74.0
218, 38.0, 11.0, 55.0, 72.0
219, -114.0, 24.0, 77.0, 69.0
220, -75.0, 13.0, 58.0, 73.0
221, 133.0, 18.0, 65.0, 71.0
222, -157.0, -7.0, 82.0, 67.0
223, -115.0, -4.0, 53.0, 83.0
224, 59.0, -2.0, 67.0, 51.0
225, -75.0, 17.0, 56.0, 88.0
226, 33.0, 6.0, 63.0, 73.0
227, -4.0, -4.0, 63.0, 67.0
228, -79.0, -3.0, 48.0, 65.0
229, -31.0, 0.0, 55.0, 71.0
230, 80.0, 11.0, 71.0, 53.0
231, 24.0, -16.0, 71.0, 77.0
232, 71.0, 25.0, 63.0, 54.0
233, -195.0, 1.0, 80.0, 57.0
234, 37.0, 16.0, 59.0, 46.0
235, 211.0, 11.0, 66.0, 61.0
236, 265.0, 25.0, 76.0, 53.0
237, 25.0, 6.0, 52.0, 62.0
238, 232.0, -6.0, 63.0, 94.0
239, 44.0, 25.0, 59.0, 77.0
240, 76.0, 19.0, 73.0, 67.0
241, -27.0, 17.0, 97.0, 68.0
242, 36.0, 0.0, 68.0, 81.0
243, 55.0, -3.0, 66.0, 90.0
244, -69.0, 1.0, 67.0, 62.0
245, 75.0, 24.0, 68.0, 66.0
246, 25.0, 1.0, 57.0, 61.0
247, 125.0, -2.0, 73.0, 85.0
248, -158.0, 15.0, 74.0, 59.0
249, 99.0, -8.0, 52.0, 76.0
250, -95.0, 4.0, 69.0, 65.0
251, -68.0, 17.0, 64.0, 99.0
252, 80.0, 10.0, 57.0, 81.0
253, 84.0, 7.0, 58.0, 60.0
254, 40.0, 32.0, 71.0, 68.0
255, -31.0, 0.0, 51.0, 91.0
0, -71.0, -9.0, 59.0, 69.0
1, 15.0, -17.0, 58.0, 69.0
2, 49.0, -17.0, 67.0, 95.0
3, 2.0, 5.0, 64.0, 80.0
4, 90.0, -7.0, 62.0, 63.0
5, -83.0, -6.0, 77.0, 65.0
6, -82.0, 11.0, 74.0, 80.0
7, -10.0, -17.0, 83.0, 62.0
8, 148.0, 9.0, 57.0, 58.0
9, 152.0, -5.0, 63.0, 61.0
10, -140.0, -1.0, 83.0, 68.0
11, -12.0, -11.0, 69.0, 79.0
12, 145.0, 15.0, 62.0, 75.0
13, -9.0, 1.0, 76.0, 55.0
14, -49.0, 18.0, 60.0, 82.0
15, 29.0, 14.0, 72.0, 71.0
16, 172.0, -2.0, 88.0, 71.0
17, -240.0, 3.0, 67.0, 81.0
18, -316.0, -1.0, 43.0, 72.0
19, 31.0, 11.0, 72.0, 92.0
20, 24.0, 8.0, 66.0, 78.0
21, 61.0, 2.0, 54.0, 58.0
22, -51.0, -1.0, 81.0, 81.0
23, -43.0, 22.0, 86.0, 63.0
24, -115.0, -8.0, 60.0, 66.0
25, 12.0, 16.0, 72.0, 61.0
26, -240.0, 0.0, 76.0, 76.0
27, -260.0, -8.0, 52.0, 43.0
28, -71.0, 1.0, 88.0, 85.0
29, -29.0, 0.0, 70.0, 62.0
30, -35.0, 4.0, 64.0, 64.0
31, -37.0, 0.0, 84.0, 60.0
32, -69.0, 4.0, 64.0, 80.0
33, 129.0, 13.0, 80.0, 84.0
34, -99.0, 13.0, 73.0, 65.0
35, 52.0, -4.0, 52.0, 60.0
36, 171.0, -5.0, 92.0, 72.0
37, 52.0, 6.0, 60.0, 75.0
38, 67.0, 7.0, 54.0, 83.0
39, 107.0, 9.0, 88.0, 73.0
40, -3.0, 1.0, 45.0, 86.0
41, -53.0, -13.0, 81.0, 71.0
42, 133.0, 7.0, 85.0, 54.0
43, 140.0, 8.0, 65.0, 80.0
44, -9.0, -2.0, 61.0, 63.0
45, -76.0, -1.0, 54.0, 70.0
46, -115.0, -15.0, 50.0, 68.0
47, -119.0, 0.0, 57.0, 59.0
48, 67.0, -4.0, 91.0, 82.0
49, 310.0, 20.0, 64.0, 62.0
50, 40.0, 14.0, 60.0, 67.0
51, 113.0, 8.0, 78.0, 67.0
52, 211.0, 0.0, 78.0, 65.0
53, 117.0, -7.0, 64.0, 61.0
54, -179.0, 8.0, 60.0, 69.0
55, 32.0, 0.0, 63.0, 70.0
56, -112.0, -3.0, 73.0, 66.0
57, 131.0, 5.0, 82.0, 82.0
58, 98.0, 9.0, 62.0, 50.0
59, -133.0, 5.0, 67.0, 65.0
60, -2.0, -23.0, 72.0, 60.0
61, -6.0, 3.0, 60.0, 67.0
62, -17.0, 21.0, 58.0, 67.0
63, 48.0, -9.0, 67.0, 55.0
64, 148.0, 21.0, 65.0, 79.0
65, -71.0, 1.0, 67.0, 72.0
66, 20.0, 4.0, 57.0, 88.0
67, -42.0, 6.0, 77.0, 71.0
68, -27.0, 4.0, 65.0, 50.0
69, -60.0, 8.0, 90.0, 73.0
70, -60.0, 9.0, 65.0, 68.0
71, 240.0, 4.0, 79.0, 61.0
72, -26.0, -17.0, 77.0, 64.0
73, 58.0, -2.0, 80.0, 65.0
74, 90.0, 1.0, 70.0, 76.0
75, 79.0, -3.0, 65.0, 67.0
76, -52.0, -10.0, 73.0, 70.0
77, 194.0, 3.0, 61.0, 59.0
78, 60.0, -9.0, 68.0, 61.0
79, 121.0, 22.0, 67.0, 79.0
80, 44.0, 3.0, 81.0, 49.0
81, -5.0, 3.0, 61.0, 68.0
82, 96.0, -1.0, 67.0, 81.0
83, -3.0, 11.0, 82.0, 67.0
84, 91.0, -17.0, 65.0, 51.0
85, -41.0, -4.0, 91.0, 62.0
86, 121.0, 3.0, 91.0, 70.0
87, -224.0, -8.0, 76.0, 60.0
88, -60.0, 6.0, 50.0, 75.0
89, 59.0, -15.0, 74.0, 54.0
90, 66.0, -6.0, 51.0, 64.0
91, -57.0, 2.0, 58.0, 81.0
92, 39.0, 2.0, 83.0, 79.0
93, 180.0, 0.0, 42.0, 63.0
94, 96.0, 9.0, 76.0, 76.0
95, -8.0, 26.0, 69.0, 55.0
96, -91.0, 35.0, 67.0, 92.0
97, 31.0, 1.0, 78.0, 62.0
98, 116.0, -5.0, 64.0, 60.0
99, -115.0, -3.0, 54.0, 79.0
100, -58.0, 0.0, 70.0, 93.0
101, -268.0, 1.0, 62.0, 54.0
102, 17.0, 8.0, 66.0, 68.0
103, -71.0, 2.0, 65.0, 75.0
104, -35.0, -2.0, 64.0, 74.0
105, -91.0, 7.0, 54.0, 81.0
106, -89.0, -3.0, 64.0, 73.0
107, 48.0, 14.0, 97.0, 76.0
108, -42.0, 33.0, 61.0, 50.0
109, 4.0, 3.0, 56.0, 88.0
110, 18.0, 13.0, 61.0, 65.0
111, -53.0, -7.0, 67.0, 103.0
112, -67.0, -4.0, 78.0, 84.0
113, 16.0, 6.0, 53.0, 82.0
114, -48.0, 2.0, 74.0, 84.0
115, 61.0, 15.0, 86.0, 68.0
116, 134.0, 12.0, 59.0, 59.0
117, 39.0, 19.0, 71.0, 78.0
118, 33.0, -7.0, 60.0, 65.0
119, 105.0, 6.0, 84.0, 75.0
120, -28.0, -3.0, 89.0, 80.0
121, -61.0, 25.0, 70.0, 79.0
122, -17.0, 3.0, 71.0, 68.0
123, -235.0, 9.0, 68.0, 87.0
124, 261.0, 1.0, 58.0, 72.0
125, 103.0, 15.0, 71.0, 69.0
126, -43.0, 0.0, 91.0, 84.0
127, -152.0, 2.0, 65.0, 83.0
128, 62.0, 9.0, 88.0, 67.0
129, 0.0, -6.0, 69.0, 86.0
130, -41.0, -5.0, 76.0, 63.0
131, -79.0, -6.0, 83.0, 61.0
132, 187.0, 9.0, 65.0, 57.0
133, -129.0, 4.0, 65.0, 67.0
134, -27.0, 11.0, 66.0, 68.0
135, 107.0, 14.0, 52.0, 78.0
136, -116.0, -18.0, 65.0, 87.0
137, -75.0, 4.0, 87.0, 83.0
138, 249.0, -3.0, 66.0, 80.0
139, -49.0, -16.0, 66.0, 88.0
140, -32.0, -4.0, 89.0, 80.0
141, 9.0, 20.0, 78.0, 84.0
142, 58.0, -1.0, 57.0, 82.0
143, -119.0, 7.0, 79.0, 105.0
144, -60.0, 20.0, 58.0, 83.0
145, -91.0, 16.0, 46.0, 80.0
146, -13.0, -24.0, 77.0, 85.0
147, 17.0, -5.0, 44.0, 70.0
148, 18.0, -20.0, 63.0, 72.0
149, -85.0, 15.0, 86.0, 69.0
150, 27.0, 5.0, 68.0, 70.0
151, -70.0, 3.0, 72.0, 60.0
152, -37.0, 7.0, 61.0, 77.0
153, 69.0, -2.0, 80.0, 75.0
154, -73.0, -7.0, 70.0, 90.0
155, 47.0, 3.0, 73.0, 84.0
156, 59.0, -2.0, 97.0, 89.0
157, -149.0, 0.0, 82.0, 75.0
158, 6.0, 14.0, 78.0, 77.0
159, -108.0, 18.0, 63.0, 63.0
160, -118.0, 7.0, 70.0, 71.0
161, 57.0, 7.0, 65.0, 56.0
162, -45.0, 5.0, 77.0, 73.0
163, -19.0, 10.0, 61.0, 70.0
164, -174.0, -1.0, 83.0, 96.0
165, -87.0, 11.0, 56.0, 66.0
166, -179.0, 6.0, 70.0, 72.0
167, -60.0, 3.0, 70.0, 55.0
168, -37.0, 15.0, 80.0, 85.0
169, 176.0, -2.0, 70.0, 98.0
170, 94.0, 7.0, 46.0, 83.0
171, 6.0, 4.0, 51.0, 63.0
172, -184.0, 7.0, 66.0, 90.0
173, -153.0, -13.0, 61.0, 65.0
174, 11.0, 2.0, 52.0, 81.0
175, -33.0, 8.0, 55.0, 72.0
176, -67.0, -18.0, 81.0, 73.0
177, 12.0, -4.0, 49.0, 46.0
178, -94.0, 2.0, 72.0, 71.0
179, -123.0, 7.0, 58.0, 70.0
180, -1.0, 18.0, 50.0, 65.0
181, 166.0, 1.0, 67.0, 82.0
182, 158.0, 9.0, 74.0, 78.0
183, -23.0, -6.0, 61.0, 94.0
184, 178.0, -4.0, 48.0, 76.0
185, 119.0, -1.0, 68.0, 58.0
186, 32.0, 8.0, 86.0, 56.0
187, 16.0, 10.0, 62.0, 79.0
188, 106.0, 13.0, 85.0, 49.0
189, 159.0, -4.0, 62.0, 80.0
190, 219.0, 9.0, 71.0, 78.0
191, -107.0, -1.0, 56.0, 70.0
192, 143.0, -2.0, 65.0, 88.0
193, 60.0, -3.0, 81.0, 65.0
194, 78.0, 12.0, 53.0, 81.0
195, 70.0, 17.0, 61.0, 86.0
196, 69.0, -1.0, 58.0, 67.0
197, 11.0, -19.0, 84.0, 75.0
198, -148.0, 10.0, 60.0, 73.0
199, 64.0, -7.0, 70.0, 70.0
200, 122.0, -5.0, 85.0, 58.0
201, -59.0, 11.0, 46.0, 78.0
202, -148.0, -7.0, 67.0, 70.0
203, -82.0, 14.0, 74.0, 62.0
204, -95.0, 20.0, 45.0, 71.0
205, -42.0, 2.0, 58.0, 78.0
206, 11.0, 4.0, 55.0, 67.0
207, 5.0, -4.0, 85.0, 69.0
208, -66.0, -1.0, 73.0, 57.0
209, -19.0, 11.0, 62.0, 68.0
210, -69.0, -7.0, 51.0, 86.0
211, -134.0, -11.0, 78.0, 70.0
212, 30.0, -3.0, 90.0, 64.0
213, 138.0, 11.0, 78.0, 57.0
214, 168.0, -7.0, 78.0, 73.0
215, 8.0, 2.0, 72.0, 66.0
216, -20.0, -8.0, 70.0, 78.0
217, -98.0, 6.0, 65.0, 84.0
218, -98.0, 2.0, 70.0, 74.0
219, -59.0, 1.0, 91.0, 71.0
220, 78.0, 21.0, 82.0, 75.0
221, 107.0, -18.0, 65.0, 96.0
222, -45.0, 2.0, 62.0, 85.0
223, -23.0, 2.0, 77.0, 75.0
224, -5.0, 11.0, 82.0, 72.0
225, -49.0, -10.0, 64.0, 76.0
226, -39.0, 18.0, 64.0, 79.0
227, -39.0, 15.0, 67.0, 82.0
228, 71.0, -1.0, 72.0, 72.0
229, -13.0, -9.0, 59.0, 78.0
230, 116.0, 2.0, 72.0, 64.0
231, 275.0, 13.0, 60.0, 81.0
232, -131.0, -1.0, 79.0, 77.0
233, -95.0, 24.0, 71.0, 67.0
234, -32.0, -1.0, 55.0, 62.0
235, -102.0, 19.0, 72.0, 64.0
236, 23.0, -13.0, 60.0, 61.0
237, -84.0, 11.0, 84.0, 65.0
238, 53.0, 8.0, 70.0, 56.0
239, 36.0, 7.0, 80.0, 59.0
240, -268.0, -11.0, 62.0, 65.0
241, -173.0, -9.0, 54.0, 73.0
242, 66.0, 7.0, 64.0, 42.0
243, -5.0, 21.0, 79.0, 69.0
244, 17.0, 8.0, 53.0, 73.0
245, -13.0, 15.0, 65.0, 56.0
246, -146.0, 10.0, 87.0, 77.0
247, 88.0, -4.0, 54.0, 65.0
248, -130.0, 15.0, 63.0, 74.0
249, 231.0, 0.0, 51.0, 64.0
250, -8.0, -3.0, 48.0, 69.0
251, 181.0, 20.0, 76.0, 69.0
252, -32.0, 6.0, 68.0, 78.0
253, -230.0, 0.0, 60.0, 73.0
254, -16.0, -9.0, 55.0, 78.0
255, 44.0, -4.0, 65.0, 80.0
0, -101.0, 6.0, 53.0, 69.0
1, 15.0, 9.0, 84.0, 71.0
2, 31.0, 2.0, 80.0, 70.0
3, -43.0, -5.0, 79.0, 67.0
4, -45.0, 13.0, 75.0, 69.0
5, 208.0, 0.0, 59.0, 60.0
6, 155.0, 13.0, 68.0, 65.0
7, 74.0, -8.0, 73.0, 71.0
8, 68.0, 12.0, 69.0, 85.0
9, -92.0, 10.0, 76.0, 66.0
10, 33.0, -2.0, 61.0, 75.0
11, 124.0, -9.0, 64.0, 57.0
12, 50.0, 3.0, 70.0, 64.0
13, 196.0, 12.0, 72.0, 68.0
14, -60.0, 6.0, 48.0, 87.0
15, -72.0, 13.0, 48.0, 70.0
16, -25.0, 19.0, 80.0, 54.0
17, 125.0, 7.0, 63.0, 64.0
18, 115.0, 0.0, 58.0, 74.0
19, -250.0, 0.0, 69.0, 64.0
20, -167.0, 1.0, 55.0, 74.0
21, 64.0, 5.0, 83.0, 63.0
22, 182.0, 1.0, 84.0, 70.0
23, -66.0, 4.0, 71.0, 64.0
24, -12.0, -10.0, 79.0, 59.0
25, -225.0, 8.0, 62.0, 76.0
26, 112.0, 14.0, 71.0, 63.0
27, -96.0, 3.0, 67.0, 75.0
28, -93.0, -1.0, 67.0, 81.0
29, -224.0, -5.0, 73.0, 72.0
30, 35.0, -6.0, 63.0, 71.0
31, 6.0, -14.0, 68.0, 42.0
32, -9.0, 12.0, 79.0, 84.0
33, -125.0, -2.0, 65.0, 77.0
34, 175.0, -8.0, 55.0, 67.0
35, 121.0, 6.0, 77.0, 57.0
36, -101.0, -7.0, 71.0, 71.0
37, -64.0, -6.0, 60.0, 70.0
38, 74.0, 4.0, 64.0, 71.0
39, 159.0, 2.0, 66.0, 55.0
40, 25.0, -9.0, 58.0, 69.0
41, 128.0, 1.0, 62.0, 70.0
42, 102.0, 2.0, 74.0, 61.0
43, 6.0, 10.0, 65.0, 70.0
44, 36.0, 7.0, 67.0, 70.0
45, -107.0, 1.0, 73.0, 87.0
46, -69.0, 1.0, 74.0, 57.0
47, 37.0, 21.0, 68.0, 68.0
48, 207.0, 12.0, 61.0, 76.0
49, 122.0, -4.0, 69.0, 60.0
50, 167.0, -4.0, 59.0, 70.0
51, 80.0, -1.0, 74.0, 73.0
52, -90.0, -3.0, 56.0, 74.0
53, 74.0, -5.0, 86.0, 73.0
54, 105.0, 4.0, 60.0, 52.0
55, 264.0, 2.0, 80.0, 60.0
56, 2.0, -8.0, 76.0, 60.0
57, -95.0, 8.0, 66.0, 68.0
58, 35.0, 19.0, 69.0, 74.0
59, 109.0, 10.0, 54.0, 80.0
60, -7.0, 15.0, 51.0, 76.0
61, 199.0, 6.0, 73.0, 84.0
62, -191.0, 10.0, 51.0, 60.0
63, -102.0, 7.0, 80.0, 88.0
64, -17.0, 1.0, 72.0, 86.0
65, 32.0, 12.0, 53.0, 52.0
66, 80.0, -5.0, 65.0, 73.0
67, 127.0, 6.0, 81.0, 99.0
68, -40.0, -4.0, 68.0, 53.0
69, 8.0, 14.0, 67.0, 67.0
70, -55.0, -7.0, 78.0, 77.0
71, -188.0, 18.0, 57.0, 51.0
72, 36.0, 9.0, 76.0, 56.0
73, 61.0, 21.0, 69.0, 84.0
74, -102.0, 23.0, 79.0, 75.0
75, 148.0, 11.0, 76.0, 70.0
76, 87.0, 10.0, 71.0, 95.0
77, 67.0, -1.0, 76.0, 65.0
78, 42.0, 5.0, 67.0, 74.0
79, -110.0, 20.0, 68.0, 71.0
80, -76.0, 5.0, 55.0, 74.0
81, 223.0, -11.0, 77.0, 67.0
82, 177.0, 17.0, 44.0, 69.0
83, 54.0, -17.0, 64.0, 70.0
84, -29.0, 1.0, 63.0, 72.0
85, -170.0, 13.0, 71.0, 87.0
86, -53.0, 1.0, 65.0, 62.0
87, -90.0, 8.0, 63.0, 87.0
88, 151.0, 5.0, 70.0, 72.0
89, -64.0, 7.0, 61.0, 82.0
90, 42.0, -7.0, 57.0, 64.0
91, 6.0, 8.0, 44.0, 49.0
92, 140.0, 22.0, 84.0, 67.0
93, -141.0, 13.0, 68.0, 77.0
94, -153.0, 14.0, 73.0, 67.0
95, 147.0, -5.0, 64.0, 70.0
96, -126.0, -7.0, 63.0, 82.0
97, -18.0, 9.0, 71.0, 55.0
98, -102.0, 0.0, 64.0, 79.0
99, 225.0, 14.0, 63.0, 72.0
100, 63.0, -17.0, 66.0, 67.0
101, -72.0, 3.0, 68.0, 77.0
102, -221.0, 17.0, 58.0, 84.0
103, 60.0, 9.0, 73.0, 66.0
104, -67.0, -11.0, 57.0, 63.0
105, 159.0, -10.0, 62.0, 77.0
106, -58.0, -22.0, 69.0, 68.0
107, 117.0, 10.0, 75.0, 69.0
108, -7.0, -8.0, 63.0, 74.0
109, -109.0, -14.0, 62.0, 64.0
110, -230.0, -17.0, 71.0, 74.0
111, 27.0, 10.0, 57.0, 62.0
112, 239.0, 4.0, 52.0, 75.0
113, 31.0, 11.0, 75.0, 87.0
114, 110.0, 9.0, 62.0, 59.0
115, 24.0, 3.0, 80.0, 75.0
116, -59.0, 25.0, 86.0, 65.0
117, -60.0, 29.0, 69.0, 53.0
118, -110.0, 7.0, 67.0, 75.0
119, -247.0, 29.0, 78.0, 75.0
120, -26.0, 0.0, 81.0, 97.0
121, 83.0, 6.0, 67.0, 63.0
122, -101.0, 5.0, 69.0, 67.0
123, 261.0, 12.0, 89.0, 62.0
124, -46.0, 0.0, 85.0, 48.0
125, -93.0, -8.0, 59.0, 64.0
126, 21.0, -1.0, 61.0, 68.0
127, 24.0, 6.0, 63.0, 73.0
128, -34.0, -9.0, 75.0, 67.0
129, 71.0, -6.0, 68.0, 68.0
130, 35.0, 24.0, 68.0, 57.0
131, 62.0, 2.0, 75.0, 81.0
132, 90.0, 5.0, 61.0, 75.0
133, 46.0, 9.0, 60.0, 68.0
134, 22.0, 3.0, 68.0, 67.0
135, -87.0, 5.0, 58.0, 85.0
136, -27.0, -5.0, 72.0, 68.0
137, 146.0, 20.0, 65.0, 78.0
138, -96.0, -1.0, 76.0, 96.0
139, 100.0, -1.0, 55.0, 60.0
140, 181.0, 0.0, 77.0, 79.0
141, -178.0, 25.0, 68.0, 82.0
142, -16.0, -12.0, 61.0, 41.0
143, 46.0, 0.0, 73.0, 73.0
144, -13.0, 1.0, 79.0, 60.0
145, -68.0, 5.0, 68.0, 76.0
146, 98.0, 0.0, 80.0, 58.0
147, -110.0, -3.0, 94.0, 96.0
148, 204.0, 1.0, 79.0, 49.0
149, 30.0, 3.0, 73.0, 69.0
150, 146.0, 12.0, 77.0, 76.0
151, -35.0, 13.0, 83.0, 70.0
152, 83.0, 23.0, 75.0, 85.0
153, 13.0, -10.0, 68.0, 63.0
154, -78.0, 8.0, 70.0, 83.0
155, -10.0, 0.0, 59.0, 60.0
156, -22.0, -14.0, 55.0, 84.0
157, 44.0, 12.0, 51.0, 71.0
158, 88.0, 16.0, 51.0, 44.0
159, 154.0, 18.0, 56.0, 64.0
160, -28.0, 15.0, 59.0, 88.0
161, 89.0, 12.0, 89.0, 61.0
162, -123.0, -16.0, 96.0, 73.0
163, -48.0, 6.0, 66.0, 77.0
164, -156.0, -6.0, 47.0, 68.0
165, -24.0, 28.0, 63.0, 83.0
166, 23.0, 13.0, 64.0, 76.0
167, 16.0, 3.0, 71.0, 60.0
168, -63.0, -1.0, 79.0, 53.0
169, -46.0, 11.0, 67.0, 61.0
170, 95.0, 1.0, 62.0, 60.0
171, -78.0, -2.0, 72.0, 74.0
172, -33.0, -10.0, 60.0, 67.0
173, 145.0, 6.0, 66.0, 63.0
174, 2.0, -3.0, 87.0, 77.0
175, 69.0, 19.0, 61.0, 73.0
176, 277.0, 2.0, 73.0, 64.0
177, -89.0, 14.0, 55.0, 58.0
178, 121.0, -24.0, 41.0, 84.0
179, -145.0, -3.0, 53.0, 80.0
180, 38.0, 19.0, 85.0, 85.0
181, -39.0, 24.0, 59.0, 60.0
182, 32.0, -13.0, 39.0, 76.0
183, 72.0, 6.0, 49.0, 72.0
184, 31.0, -6.0, 66.0, 88.0
185, -57.0, 10.0, 80.0, 47.0
186, 57.0, -2.0, 42.0, 66.0
187, 35.0, 2.0, 62.0, 67.0
188, 112.0, 3.0, 76.0, 79.0
189, 127.0, 7.0, 55.0, 61.0
190, 20.0, 6.0, 58.0, 72.0
191, 108.0, 15.0, 71.0, 58.0
192, -39.0, -17.0, 66.0, 62.0
193, -10.0, -8.0, 52.0, 82.0
194, -65.0, -2.0, 57.0, 57.0
195, -41.0, 0.0, 67.0, 66.0
196, -101.0, -4.0, 97.0, 69.0
197, -111.0, -1.0, 81.0, 69.0
198, -131.0, -9.0, 54.0, 65.0
199, -158.0, 5.0, 77.0, 55.0
200, 71.0, -4.0, 68.0, 76.0
201, 112.0, -12.0, 45.0, 68.0
202, -64.0, 2.0, 71.0, 72.0
203, 145.0, -10.0, 74.0, 73.0
204, -43.0, 17.0, 70.0, 83.0
205, 101.0, 11.0, 65.0, 82.0
206, 163.0, 9.0, 51.0, 87.0
207, 166.0, 5.0, 67.0, 68.0
208, 101.0, 0.0, 57.0, 65.0
209, -14.0, 24.0, 54.0, 81.0
210, 97.0, 10.0, 70.0, 60.0
211, -72.0, 11.0, 69.0, 71.0
212, 154.0, 7.0, 89.0, 67.0
213, 94.0, -20.0, 72.0, 86.0
214, -240.0, 13.0, 74.0, 81.0
215, 10.0, 4.0, 74.0, 73.0
216, -110.0, 12.0, 88.0, 81.0
217, -319.0, 12.0, 59.0, 64.0
218, 117.0, 0.0, 62.0, 79.0
219, 121.0, 24.0, 62.0, 76.0
220, -70.0, 12.0, 48.0, 77.0
221, -79.0, 15.0, 78.0, 47.0
222, -67.0, -4.0, 83.0, 71.0
223, -117.0, -11.0, 72.0, 67.0
224, -191.0, 4.0, 69.0, 69.0
225, 233.0, -1.0, 64.0, 63.0
226, 0.0, -3.0, 50.0, 76.0
227, 45.0, 7.0, 69.0, 72.0
228, -46.0, -1.0, 72.0, 76.0
229, -31.0, -8.0, 51.0, 61.0
230, 27.0, 1.0, 68.0, 69.0
231, -44.0, 24.0, 67.0, 59.0
